<?xml version="1.0" encoding="UTF-8" standalone="no"?>
<!-- Created with Inkscape (http://www.inkscape.org/) -->

<svg
   width="24.346735mm"
   height="24.356754mm"
   viewBox="0 0 24.346735 24.356754"
   version="1.1"
   id="svg1"
   inkscape:version="1.4 (e7c3feb1, 2024-10-09)"
   sodipodi:docname="mod-io-manager-square"
   xmlns:inkscape="http://www.inkscape.org/namespaces/inkscape"
   xmlns:sodipodi="http://sodipodi.sourceforge.net/DTD/sodipodi-0.dtd"
   xmlns="http://www.w3.org/2000/svg"
   xmlns:svg="http://www.w3.org/2000/svg">
  <sodipodi:namedview
     id="namedview1"
     pagecolor="#ffffff"
     bordercolor="#000000"
     borderopacity="0.25"
     inkscape:showpageshadow="2"
     inkscape:pageopacity="0.0"
     inkscape:pagecheckerboard="0"
     inkscape:deskcolor="#d1d1d1"
     inkscape:document-units="mm"
     inkscape:zoom="0.82699945"
     inkscape:cx="20.556241"
     inkscape:cy="-38.694101"
     inkscape:window-width="1440"
     inkscape:window-height="755"
     inkscape:window-x="0"
     inkscape:window-y="31"
     inkscape:window-maximized="1"
     inkscape:current-layer="layer1" />
  <defs
     id="defs1" />
  <g
     inkscape:label="Calque 1"
     inkscape:groupmode="layer"
     id="layer1"
     transform="translate(-1164.4311,-90.752108)">
    <path
       d="m 1175.8712,90.770741 c -0.4777,0.02855 -1.1819,0.112281 -1.6501,0.197929 -0.089,0.01522 -0.2188,0.03805 -0.2912,0.05138 l -0.1275,0.02283 -0.038,0.125608 c -0.063,0.211257 -0.2208,0.79362 -0.3026,1.111454 -0.044,0.167476 -0.082,0.304506 -0.084,0.306404 0,0.0016 -0.1237,0.04377 -0.2702,0.09326 -0.3997,0.137031 -0.7955,0.300701 -1.1914,0.491012 l -0.354,0.171288 -0.3216,-0.190319 c -0.4396,-0.260732 -1.0334,-0.593785 -1.0582,-0.593785 -0.029,0 -0.4605,0.296897 -0.786,0.542403 -1.0791,0.810745 -1.985,1.733778 -2.7824,2.835708 -0.1979,0.275959 -0.3863,0.555723 -0.3863,0.578567 0,0.01906 0.3711,0.679425 0.6223,1.103829 l 0.1618,0.274061 -0.1637,0.334951 c -0.1808,0.374928 -0.3787,0.854527 -0.5062,1.233251 l -0.084,0.251218 -0.078,0.01906 c -0.042,0.01145 -0.2855,0.07617 -0.5424,0.14464 -0.257,0.0666 -0.5691,0.15225 -0.6947,0.18651 l -0.2284,0.0647 -0.013,0.0742 c -0.2246,1.24848 -0.2703,1.71665 -0.2703,2.72914 0,0.90781 0.048,1.45782 0.1999,2.32185 0.032,0.18271 0.063,0.36542 0.068,0.40348 0.01,0.0704 0.013,0.0723 0.1409,0.11038 0.3102,0.0894 0.4149,0.1199 0.9021,0.24741 0.2816,0.0742 0.5138,0.13703 0.5138,0.13893 0,0.002 0.044,0.1237 0.093,0.27025 0.137,0.39966 0.3007,0.79553 0.491,1.19328 l 0.1713,0.35399 -0.1218,0.20745 c -0.3045,0.51005 -0.6623,1.14189 -0.6623,1.17044 0,0.0267 0.2912,0.44915 0.5291,0.76697 0.7708,1.02962 1.6024,1.8632 2.6206,2.62828 0.3464,0.26073 0.7765,0.55952 0.8051,0.55952 0.021,0 0.6699,-0.3654 1.1057,-0.62233 l 0.2741,-0.16177 0.3159,0.15226 c 0.4739,0.23028 0.9573,0.42631 1.3665,0.55762 0.1313,0.0419 0.137,0.0456 0.156,0.1199 0.2722,1.02962 0.3902,1.45402 0.4054,1.46543 0.011,0.009 0.5938,0.11039 0.8964,0.15417 1.3036,0.18841 2.4912,0.18841 3.7949,0 0.3045,-0.0438 0.8849,-0.14465 0.8983,-0.15417 0.011,-0.01 0.1313,-0.43772 0.2778,-0.99535 0.08,-0.2988 0.1466,-0.5443 0.1485,-0.54621 0,-0.002 0.1104,-0.038 0.2379,-0.0818 0.4682,-0.15986 0.7765,-0.28547 1.2618,-0.51956 l 0.3159,-0.15225 0.2741,0.16177 c 0.4358,0.25693 1.0848,0.62233 1.1057,0.62233 0.029,0 0.4587,-0.2988 0.8031,-0.55763 1.0087,-0.75936 1.8347,-1.58533 2.594,-2.59401 0.2589,-0.34447 0.5577,-0.77459 0.5577,-0.80313 0,-0.0228 -0.2493,-0.47009 -0.5291,-0.94587 -0.1104,-0.18841 -0.2132,-0.36351 -0.2284,-0.39016 -0.027,-0.0456 -0.021,-0.0609 0.08,-0.26263 0.2132,-0.4244 0.4949,-1.11144 0.6129,-1.49398 0.03,-0.099 0.04,-0.11038 0.1008,-0.12561 0.8336,-0.21315 1.4331,-0.38063 1.4617,-0.40918 0.04,-0.0399 0.1865,-0.94778 0.2417,-1.49589 0.1275,-1.26941 0.074,-2.43985 -0.1751,-3.81393 l -0.051,-0.28358 -0.2284,-0.0647 c -0.1256,-0.0343 -0.4377,-0.119894 -0.6946,-0.186511 -0.257,-0.06848 -0.5006,-0.133218 -0.5424,-0.14464 l -0.078,-0.01906 -0.084,-0.251217 c -0.1276,-0.378724 -0.3255,-0.858324 -0.5063,-1.233251 l -0.1637,-0.334951 0.1618,-0.274061 c 0.2569,-0.435826 0.6223,-1.084798 0.6223,-1.105736 0,-0.02856 -0.3007,-0.464372 -0.5424,-0.786003 -0.7669,-1.018196 -1.6081,-1.859394 -2.6263,-2.626365 -0.3236,-0.243608 -0.7575,-0.542403 -0.786,-0.542403 -0.025,0 -0.6186,0.333052 -1.0582,0.593785 l -0.3216,0.190314 -0.354,-0.171288 c -0.3959,-0.190311 -0.7917,-0.353982 -1.1914,-0.491012 -0.1465,-0.0495 -0.2683,-0.09135 -0.2702,-0.09326 0,0 -0.061,-0.215053 -0.1294,-0.475786 -0.1885,-0.717496 -0.2779,-1.025806 -0.3007,-1.04865 -0.048,-0.04565 -0.8907,-0.182701 -1.4978,-0.245506 -0.6338,-0.06472 -1.4236,-0.08183 -2.0231,-0.04565 z"
       id="path4"
       style="fill:#000000;stroke:none;stroke-width:0.00190316"
       sodipodi:nodetypes="cccccccccccsccsccccccccccscccccccccsccsccccccccccsccccsccscccccccccccccccccsccscccccccccc" />
    <path
       id="circle4"
       style="fill:#ffffff;stroke:#000000;stroke-width:0.0409094;paint-order:fill markers stroke"
       d="m 1176.6047,94.697496 a 8.2329035,8.2329035 0 0 0 -8.2326,8.232994 8.2329035,8.2329035 0 0 0 8.2326,8.23299 8.2329035,8.2329035 0 0 0 8.233,-8.23299 8.2329035,8.2329035 0 0 0 -8.233,-8.232994 z m 0,0.876066 a 7.3571178,7.3571178 0 0 1 7.3573,7.356928 7.3571178,7.3571178 0 0 1 -7.3573,7.35692 7.3571178,7.3571178 0 0 1 -7.3569,-7.35692 7.3571178,7.3571178 0 0 1 7.3569,-7.356928 z" />
    <g
       id="g3"
       transform="matrix(0.6813741,0,0,0.60291167,1162.1455,83.811217)"
       style="fill:#ffffff;stroke:none">
      <rect
         style="fill:#ffffff;stroke:none;stroke-width:0.0654595;paint-order:fill markers stroke"
         id="rect3"
         width="3.4962292"
         height="17.969334"
         x="29.963448"
         y="-30.205635"
         transform="rotate(90)"
         inkscape:transform-center-x="-11.620167"
         inkscape:transform-center-y="-0.82264271"
         ry="0" />
      <rect
         style="fill:#ffffff;stroke:none;stroke-width:0.0654595;paint-order:fill markers stroke"
         id="rect5"
         width="3.093627"
         height="20.307848"
         x="-22.769148"
         y="-41.939766"
         transform="scale(-1)"
         inkscape:transform-center-x="-0.027936577"
         inkscape:transform-center-y="0.026799573"
         ry="0" />
    </g>
  </g>
</svg>
